SARSA
6.685661156160419
6.753193087030727
6.821407158616896
6.890310261229188
6.959909354776958
7.030211469471674
7.101223706537045
7.172953238926308
7.245407312046775
7.318593244491693
7.392518428779487
7.467190332100492
7.542616497071204
7.618804542496166
6.685661154036532
6.753193084885385
6.821407156449884
6.8903102590402865
6.959909352565946
7.030211467238329
7.101223704281141
7.172953236647618
7.245407309745068
7.3185932421667355
7.392518426431046
7.4671903297283295
7.54261649467508
7.618804540075839
6.685661151591757
6.753193082415915
6.82140715395547
6.890310256520677
6.959909350020886
7.030211464667562
7.101223701684406
7.172953234024653
7.245407307095609
7.3185932394905135
7.392518423727791
7.467190326997769
7.542616491916938
7.6188045372898365
6.685661148777613
6.753193079573347
6.8214071510841885
6.890310253620393
6.959909347091306
7.030211461708389
7.1012236986953425
7.172953231005397
7.245407304045855
7.318593236409955
7.392518420616116
7.467190323854663
7.542616488742084
7.618804534082913
6.685661145538296
6.753193076301309
6.8214071477791
6.890310250281919
6.959909343719111
7.030211458302132
7.101223695254679
7.1729532275299785
7.245407300535332
7.318593232863972
7.392518417034315
7.467190320236681
7.5426164850875566
7.618804530391471
6.685661141809566
6.753193072534915
6.821407143974662
6.890310246439053
6.959909339837427
7.03021145438124
7.101223691294182
7.172953223529476
7.24540729649442
7.318593228782243
7.392518412911357
7.467190316072077
7.542616480880886
7.618804526142309
6.685661137517484
6.753193068199479
6.821407139595434
6.890310242015589
6.959909335369282
7.030211449867962
7.101223686735315
7.172953218924561
7.245407291842991
7.318593224083829
7.392518408165484
7.467190311278267
7.542616476038654
7.618804521251166
6.685661132576935
6.753193063209025
6.821407134554571
6.890310236923809
6.959909330226069
7.030211444672798
7.101223681487674
7.172953213623914
7.245407286488802
7.318593218675558
7.392518402702583
7.467190305760185
7.542616470464833
7.6188045156210435
6.685661126889943
6.753193057464588
6.821407128752109
6.890310231062736
6.959909324305794
7.030211438692722
7.101223675447193
7.172953207522418
7.245407280325675
7.3185932124501765
7.39251839641432
7.467190299408404
7.542616464048893
7.618804509140296
6.685661120343734
6.753193050852256
6.821407122072986
6.890310224316147
6.959909317491058
7.03021143180915
7.10122366849409
7.172953200499081
7.245407273231395
7.3185932052842375
7.392518389175997
7.467190292096967
7.542616456663603
7.6188045016804065
6.685661112808491
6.7531930432409
6.821407114384748
6.89031021655025
6.959909309646718
7.030211423885573
7.101223660490478
7.172953192414624
7.245407265065277
7.318593197035634
7.392518380844074
7.467190283680884
7.542616448162509
7.618804493093443
6.685661104134791
6.753193034479587
6.821407105534936
6.890310207611047
6.959909300617219
7.030211414764867
7.101223651277643
7.1729531831087305
7.245407255665384
7.318593187540792
7.392518371253325
7.467190273993258
7.542616438377028
7.618804483209119
6.685661094150626
6.753193024394571
6.821407095348052
6.890310197321265
6.9599092902235
7.030211404266161
7.101223640672891
7.172953172396859
7.245407244845312
7.318593176611427
7.392518360213562
7.4671902628419815
7.542616427113113
7.618804471831427
6.685661082658007
6.753193012785866
6.821407083622087
6.890310185476856
6.95990927825945
7.030211392181262
7.101223628465921
7.172953160066587
7.245407232390492
7.3185931640308
7.392518347505859
7.467190250005918
7.542616414147392
7.618804458734739
6.685661069429029
6.753192999423262
6.821407070124507
6.890310171842937
6.959909264487815
7.03021137827052
7.101223614414667
7.172953145873401
7.24540721805394
7.318593149549435
7.392518332878217
7.467190235230523
7.542616399222751
7.618804443659344
6.685661054201358
6.7531929840417755
6.821407054587652
6.890310156149144
6.9599092486354985
7.030211362258079
7.101223598240484
7.172953129535842
7.245407201551356
7.3185931328801574
7.392518316040563
7.467190218222791
7.5426163820432235
7.618804426306286
6.685661036673016
6.75319296633638
6.821407036703414
6.890310138084257
6.9599092303881385
7.0302113438264024
7.101223579622629
7.172953110729928
7.245407182555483
7.318593113692407
7.392518296658998
7.4671901986454525
7.542616362268134
7.618804406331449
6.685661016496414
6.753192945955973
6.821407016117145
6.890310117290046
6.959909209383884
7.030211322609984
7.1012235581919025
7.17295308908273
7.245407160689626
7.318593091605683
7.392518274349174
7.467190176110277
7.54261633950533
7.618804383338717
6.685660993271432
6.753192922496396
6.821406992420602
6.8903100933541435
6.959909185206206
7.030211298188086
7.10122353352332
7.17295306416497
7.245407135520172
7.318593066181992
7.392518248668679
7.467190150170383
7.542616313303418
7.618804356872139
6.685660966537514
6.753192895492439
6.821406965143877
6.890310065801897
6.9599091573756535
7.030211270076418
7.101223505127694
7.17295303548252
7.245407106548
7.3185930369171714
7.392518219108254
7.4671901203113675
7.542616283142795
7.618804326406864
6.685660935764509
6.753192864408595
6.821406933746055
6.890310034086925
6.959909125340328
7.030211237717503
7.101223472441922
7.172953002466588
7.2454070731985745
7.318593003230883
7.3925181850817
7.4671900859411116
7.542616248425365
7.618804291338753
6.6856609003421745
6.7531928286284595
6.821406897604505
6.890309997580308
6.959909088464958
7.030211200469655
7.101223434817833
7.172952964462458
7.2454070348105635
7.318592964455115
7.3925181459142575
7.467190046378038
7.542616208462665
7.618804250972389
6.6856608595680695
6.753192787442495
6.82140685600252
6.890309955558101
6.959909046018284
7.030211157594226
7.101223391509319
7.172952920716484
7.245406990622711
7.3185929198209205
7.3925181008292125
7.467190000837588
7.542616162462211
7.618804204507283
6.685660812633619
6.753192740033959
6.8214068081151105
6.89030990718698
6.959908997158566
7.030211108240976
7.101223341657551
7.172952870361163
7.245406939758751
7.318592868443183
7.392518048932508
7.467189948416674
7.542616109511792
7.618804151022013
6.685660758608093
6.753192685462721
6.821406752992647
6.890309851507725
6.959908940916894
7.030211051431206
7.101223284273946
7.172952812397925
7.245406881210026
7.318592809303056
7.392517989195007
7.467189888075764
7.542616048561378
7.618804089455938
6.685660696420139
6.753192622646605
6.821406689542025
6.890309787416187
6.959908876177966
7.03021098603835
7.1012232182205555
7.172952745677329
7.245406813815484
7.318592741227762
7.392517920432082
7.467189818618265
7.542615978402288
7.618804018588169
6.685660624836535
6.753192550339934
6.821406616504984
6.890309713641398
6.959908801657978
7.030210910765634
7.101223142187509
7.172952668876272
7.2454067362386585
7.3185926628673315
7.3925178412801325
7.467189738666801
7.542615897643233
7.618803937013367
6.685660542437745
6.753192467108834
6.821406532433166
6.890309628720369
6.959908715879161
7.030210824120364
7.1012230546670345
7.172952580471752
7.245406646941164
7.318592572667843
7.392517750169538
7.467189646635897
7.5426158046827245
7.618803843113863
6.68566044758976
6.753192371302788
6.821406435659382
6.8903095309690725
6.959908617140477
7.03021072438432
7.101222953923555
7.172952478710662
7.245406544152184
7.31859246884059
7.392517645293525
7.467189540700531
7.542615697677304
7.61880373502758
6.685660338411697
6.753192261021916
6.821406324264562
6.8903094184490525
6.9599085034838915
7.030210609579688
7.101222837959281
7.172952361575032
7.245406425833365
7.318592349326631
7.392517524572355
7.467189418759955
7.542615574505005
7.618803610611116
6.685660212738501
6.753192134079294
6.821406196039691
6.8903092889289805
6.959908372655536
7.030210477429835
7.101222704474581
7.172952226742001
7.245406289638384
7.318592211755944
7.392517385612065
7.467189278396025
7.542615432723258
7.61880346739723
6.68566006807801
6.753191987957586
6.8214060484420065
6.890309139840411
6.959908222061021
7.030210325314163
7.101222550822387
7.172952071537765
7.245406132866429
7.318592053400433
7.392517225657003
7.4671891168252555
7.54261526952046
7.618803302545919
6.685659901561534
6.753191819759126
6.821405878544572
6.89030896822684
6.95990804871398
7.030210150216141
7.101222373955698
7.1729518928845435
7.24540595240863
7.318591871119828
7.39251704153518
7.467188930843617
7.542615081660219
7.6188031127880995
6.685659709886969
6.753191626148453
6.821405682978235
6.8903087706850865
6.959907849176855
7.03020994866349
7.101222170367162
7.172951687239558
7.245405744686423
7.318591661299417
7.392516829595371
7.467188716763001
7.542614865417173
7.618802894360781
6.685659489253314
6.753191403286175
6.821405457864824
6.8903085432978015
6.9599076194927285
7.030209716659321
7.101221936019517
7.1729514505247645
7.24540550558057
7.318591419778354
7.392516585634701
7.467188470338082
7.542614616503114
7.6188026429324385
6.685659235285291
6.753191146752819
6.821405198740221
6.890308281555779
6.959907355106847
7.030209449602876
7.101221666265531
7.172951178045992
7.245405230349487
7.3185911417671585
7.392516304815311
7.467188186682133
7.542614329981952
7.618802353517124
6.685658942946589
6.753190851461201
6.8214049004658595
6.890307980268545
6.959907050776309
7.0302091421982915
7.10122135575585
7.172950864399849
7.245404913535201
7.3185908217527285
7.392515981568413
7.467187860170114
7.542614000171832
7.618802020375588
6.685658606439988
6.753190511555544
6.821404557126812
6.8903076334614255
6.959906700466086
7.030208788349582
7.101220998332911
7.172950503366577
7.245404548855128
7.318590453389018
7.392515609483857
7.467187484327128
7.542613620532452
7.618801636901467
6.685658219092391
6.753190120295345
6.82140416191449
6.890307234257061
6.959906297229354
7.030208381039752
7.10122058690884
7.172950087786708
7.245404129077483
7.318590029371195
7.392515181183025
7.467187051700026
7.542613183535379
7.618801195490282
6.685657773222507
6.753189669921724
6.8214037069916404
6.890306774739031
6.959905833069728
7.030207912191645
7.101220113324894
7.172949609419085
7.245403645877864
7.3185895412907715
7.392514688172497
7.467186553709593
7.54261268051474
7.618800687388626
6.685657259988512
6.753189151503547
6.821403183336916
6.890306245794865
6.959905298782692
7.030207372507769
7.101219568189666
7.172949058777441
7.245403089674182
7.318588979468871
7.392514120675628
7.467185980480433
7.542612101495386
7.618800102520592
6.68565666921272
6.753188554760323
6.821402580565983
6.890305636935336
6.9599046837730665
7.030206751285926
7.1012189406928545
7.172948424942278
7.245402449436644
7.318588332764286
7.392513467438674
7.467185320645125
7.542611434995076
7.618799429287956
6.685655989179754
6.753187867858337
6.821401886725593
6.890304936086458
6.959903975844907
7.030206036206977
7.101218218390886
7.172947695344329
7.24540171246902
7.318587588352545
7.392512715507622
7.467184561118811
7.542610667796779
7.61879865434018
6.685655206404222
6.7531870771759825
6.821401088056548
6.890304129350048
6.959903160959645
7.030205213090551
7.101217386960153
7.172946855515306
7.245400864156875
7.318586731471591
7.392511849971304
7.467183686839701
7.542609784686567
7.618797762309664
6.685654305363297
6.7531861670336335
6.821400168720842
6.890303200728123
6.959902222957701
7.030204265613839
7.101216429912968
7.172945888800978
7.245399887677756
7.318585745129047
7.392510853665704
7.467182680470408
7.542608768151927
7.618796735506997
6.6856532681888865
6.753185119382714
6.821399110487589
6.890302131805646
6.959901143238026
7.030203174987905
7.101215328270611
7.172944776030921
7.2453987636675965
7.318584609765249
7.392509706833585
7.467181522054126
7.542607598034471
7.618795553570173
6.685652074313307
6.753183913447785
6.8213978923714995
6.890300901385353
6.959899900389245
7.030201919585096
7.101214060186965
7.172943495138349
7.245397469836717
7.31858330286537
7.392508386732698
7.467180188618887
7.542606251130189
7.618794193060797
6.685650700061411
6.753182525314557
6.821396490216724
6.890299485067398
6.959898469765049
7.030200474510151
7.1012126005153045
7.172942020722529
7.245395980527808
7.318581798512937
7.3925068671847844
7.467178653722004
7.542604700729298
7.618792626999291
6.685649118181102
6.7531809274556585
6.821394876217837
6.890297854765492
6.9598968229954465
7.030198811106512
7.101210920309608
7.172940323545059
7.24539426620713
7.31858006687589
7.392505118056454
7.467176886925712
7.542602916086578
7.618790824329877
6.685647297302906
6.753179088184754
6.821393018368439
6.890295978149938
6.9598949274241795
7.03019689638806
7.101208986250565
7.172938369950066
7.245392292878855
7.318578073615005
7.392503104661621
7.467174853193557
7.542600861811674
7.618788749304721
6.6856452013179
6.753176971028182
6.821390879826446
6.890293818006511
6.959892745461122
7.030194692384972
7.10120675998482
7.172936121196789
7.2453900214108975
7.318575779202927
7.392500787073664
7.467172512195621
7.542598497167294
7.618786360775045
6.685642788661661
6.753174534001678
6.821388418183513
6.890291331498498
6.959890233836867
7.0301921553907745
7.101204197364419
7.172933532691332
7.245387406758922
7.318573138140325
7.392498119333662
7.46716981750875
7.542595775261363
7.618783611375115
6.6856400114900145
6.753171728777793
6.821385584624033
6.8902884693172055
6.959887342744652
7.030189235095609
7.101201247571322
7.172930553102346
7.245384397073077
7.3185700980536135
7.392495048539003
7.467166715695963
7.5425926421171345
7.6187804465829645
6.685636814730267
6.7531684997275425
6.821382322957113
6.890285174704155
6.9598840148526815
7.030185873588567
7.101197852109664
7.1729271233430945
7.245380932669793
7.318566598656356
7.392491513794299
7.467163145246767
7.542589035602795
7.618776803639187
6.685633134989078
6.75316478281725
6.821378568502273
6.8902813823255284
6.959880184167201
7.030182004209293
7.101193943645751
7.172923175399749
7.245376944848231
7.318562570553769
7.392487445003807
7.467159035357381
7.542584884199375
7.618772610302399
6.685628899295352
6.75316050433874
6.821374246806808
6.890277016976574
6.9598757747238125
7.030177550226074
7.101189444672801
7.172918630982628
7.245372354527907
7.318557933866573
7.392482761481387
7.4671543045266535
7.542580105582478
7.6187677834166445
6.685624023653176
6.753155579447653
6.821369272169346
6.890271992090249
6.95987069908106
7.030172423314203
7.101184265973942
7.172913399973679
7.2453670706804845
7.3185525966469545
7.392477370350459
7.467148858939858
7.542574604989755
7.618762227262379
6.68561841137614
6.75314991048095
6.821363545940353
6.890266208020559
6.959864856586423
7.0301665218044675
7.101178304852998
7.172907378639392
7.245360988524639
7.318546453055191
7.392471164702213
7.467142590608296
7.542568273341714
7.618755831658297
6.685611951169997
6.7531433850201985
6.821356954565857
6.8902595500665225
6.959858131380326
7.0301597286669955
7.101171443097975
7.172900447573713
7.245353987448195
7.318539381260803
7.392464021475559
7.467135375227837
7.542560985078623
7.618748469776387
6.685604514925643
6.7531358736622655
6.821349367335622
6.890251886197598
6.959850390098584
7.030151909190489
7.101163544636858
7.17289246933016
7.245345928616323
7.318531241026589
7.392455799016757
7.467127069713896
7.542552595670601
7.61873999562687
6.685595955178657
6.753127227453189
6.8213406337911
6.890243064435454
6.959841479227731
7.0301429083108395
7.101154452839232
7.172883285696194
7.245336652218378
7.318521870927655
7.392446334270359
7.467117509363999
7.542542938751514
7.618730241163146
6.685586102184995
6.753117274934339
6.821330580741757
6.890232909840158
6.959831222060766
7.030132547536127
7.101143987410229
7.172872714555787
7.245325974298774
7.318511085150277
7.392435439545735
7.467106504591651
7.54253182281985
7.618719012949343
6.685574760554893
6.753105818742316
6.821319008830622
6.890221221041033
6.959819415192962
7.030120621407033
7.1011319408151845
7.172860546277964
7.245313683109055
7.318498669807126
7.392422898795077
7.467093837166745
7.542519027441156
7.618706088324401
6.685561705378182
6.753092631695134
6.821305688580944
6.890207766243377
6.95980582448826
7.030106893422485
7.101118074164127
7.172846539559724
7.245299534908812
7.31848437869577
7.39240846332906
7.467079255887939
7.542504298876707
7.618691210986572
6.685546677764214
6.753077452287085
6.821290355845541
6.89019227863186
6.959790180436222
7.030091091349719
7.101102112474464
7.172830416640873
7.2452832491321955
7.318467928416359
7.392391846885211
7.467062471601223
7.5424873450517405
7.618674085910849
6.685529379707928
6.753059979502957
6.821272706568644
6.890174451079439
6.959772172807514
7.030072901825772
7.101083739217952
7.172811857795911
7.245264502824153
7.318448992751669
7.392372719951181
7.46704315146584
7.542467829763475
7.61865437349846
6.685509468180262
6.7530398668487495
6.821252390756313
6.890153930056882
6.959751444501901
7.030051964143334
7.101062590043772
7.172790494993709
7.24524292423607
7.3184271961980505
7.392350703230354
7.4670209123538935
7.542445366014034
7.618631682842459
6.6854865483257155
6.753016715480521
6.82122900553588
6.890130308622101
6.959727584466769
7.030027863097747
7.10103824555328
7.172765904599273
7.245218085453811
7.318402106519001
7.392325360120203
7.46699531325273
7.542419508336091
7.61860556397585
6.685460165632171
6.752990066295123
6.821202087166791
6.890103118350294
6.959700119545752
7.030000120753285
7.101010222983116
7.172737598972844
7.245189493911964
7.3183732261737005
7.392296188054243
7.466965846519438
7.542389743959028
7.618575498948513
6.685429796917689
6.752959390825949
6.821171101844393
6.890071820044842
6.9596685050958
7.029968186965454
7.100977966631771
7.172705016799769
7.24515658262603
7.318339982450535
7.392262608535894
7.466931927814034
7.542355482640438
7.618540891555998
6.685394839955554
6.752924080763186
6.821135435114329
6.8900357930447775
6.959632114186644
7.029931428471357
7.100940836839755
7.172667511959349
7.245118698948838
7.3183017161099375
7.392223955666604
7.466892884511721
7.542316044961335
7.6185010555165
6.685354601531818
6.752883435890726
6.821094379687602
6.8899943229167695
6.959590225168454
7.029889116331772
7.10089809730482
7.172624340711939
7.245075091628221
7.318257668311335
7.392179462940742
7.466847942364386
7.542270648852916
7.618455200861531
6.685308283698516
6.752836650200521
6.821047121414668
6.889946587287543
6.959542007361155
7.029840411475915
7.100848900480722
7.172574646950224
7.245024895909317
7.318206965564967
7.392128248045421
7.46679621014689
7.542218394087768
7.618402418270473
6.685254967949973
6.752782795909064
6.820992723140469
6.889891639535827
6.959486504581644
7.029784348062267
7.100792270769967
7.172517445222189
7.244967116386049
7.318148602410151
7.392069295363789
7.466736661983625
7.542158244427904
7.618341661038287
6.685193597008371
6.75272080505896
6.820930106120161
6.889828390020365
6.959422616182187
7.029719814325442
7.100727085177214
7.172451601189104
7.244900607261722
7.318081421476487
7.392001435834835
7.466668117004884
7.542089007075641
7.61827172431883
6.6851229538574035
6.7526494483408115
6.820858028627082
6.889755584471801
6.959349075224042
7.0296455305293355
7.100652051039733
7.172375809131043
7.244824049627316
7.318004090532643
7.391923323770347
7.466589215929643
7.542009309019841
7.618191221232163
6.685041637608245
6.752567310715399
6.820775061328686
6.889671779119885
6.959264423353419
7.029560023589312
7.100565680393244
7.1722885660537825
7.244735925306851
7.317915076067527
7.391833410169219
7.466498394110322
7.5419175698084056
7.6180985553620255
6.684948035719218
6.7524727633527455
6.820679558942167
6.889575312062795
6.959166981881611
7.029461597860213
7.100466260464862
7.172188141883699
7.244634486751211
7.317812612880012
7.391729912000012
7.466393850505063
7.541811970207134
7.617991889098115
6.684840292018298
6.752363931331614
6.820569627607691
6.889464270310799
6.959054818495757
7.029348301510865
7.100351819707944
7.17207254515954
7.244517722383374
7.317694669074115
7.3916107768425405
7.466273511962163
7.541690416123396
7.61786910719535
6.6847162698942935
6.752238656458882
6.820443087332205
6.889336451850712
6.958925708940113
7.029217887818295
7.100220088705349
7.171939483540757
7.244383316707835
7.31755890576549
7.391473642187364
7.466134992108449
7.541550497079242
7.617727774827517
6.684573509926785
6.7520944544715
6.820297428759091
6.88918932197888
6.95877709290796
7.029067770614101
7.100068455165759
7.171786318349251
7.244228604393183
7.317402630700185
7.391315788586046
7.465975544026309
7.5413894384104125
7.617565089303447
6.684409181114593
6.751928465772316
6.82012976340638
6.889019963036748
6.958606023269443
7.028894972999438
7.099893912120645
7.171610012243075
7.244050517417247
7.317222744865907
7.391134085723138
7.465792005780948
7.541204046243382
7.617377824488265
6.6842200247356205
6.751737398722849
6.819936766386716
6.8888250165522384
6.9584091076285235
7.02869606831164
7.099692998294586
7.17140706898443
7.243845524226697
7.317015681037068
7.390924930340473
7.46558073771765
7.540990644159242
7.617162266827518
6.6840022897247655
6.75151746436845
6.819714610473182
6.888600616639577
6.958182441050078
7.028467112171796
7.099461729466461
7.171173464107537
7.243609559704582
7.316777333034932
7.39068417478276
7.465337550285616
7.540745000288501
7.616914141705557
6.6837516582884415
6.751264301301456
6.8194588902034905
6.888342313336859
6.95792152862309
7.028203564265747
7.099195519460351
7.170904565111466
7.2433379445570365
7.316502974300037
7.390407044747512
7.465057620957083
7.5404622433909925
7.61662852867777
6.683463160280576
6.750972889172299
6.8191645345174745
6.888044984361086
6.957621196324329
7.027900198307403
7.098889089199397
7.170595039595351
7.2430252925205565
7.316187164162178
7.390088044608261
7.464735398594203
7.54013676625677
7.616299763895728
6.683131074642149
6.7506374491334835
6.818825706195438
6.8877027335307455
6.957275488414894
7.027550998398883
7.0985363620190745
7.170238749514216
7.242665403549713
7.315823639949206
7.389720848433541
7.464364493367213
7.539762114512336
7.615921327790239
6.682748815949736
6.750251329242158
6.81843568610319
6.887308773841607
6.956877549334957
7.027149039732279
7.098130343163919
7.169828629458504
7.242251140867175
7.315405192795127
7.389298174540532
7.463937550040942
7.539330858627214
7.615485715785065
6.682308803823298
6.749806872548786
6.817986739948268
6.886855292877039
6.956419487754585
7.026686351267258
7.097662981078038
7.169356546543473
7.241774289437852
7.314923524684699
7.388811641095655
7.463446102116824
7.5388344465826505
7.614984289477425
6.68180231260346
6.74929526525602
6.8174699649050705
6.88633329788391
6.955892220084758
7.026153757661372
7.097125007738759
7.16881313913006
7.241225393060667
7.314369083899663
7.38825159989865
7.462880403938031
7.538263034280839
7.614407105334181
6.681219298317355
6.748706361936723
6.816875113067397
6.885732437441815
6.955285290345268
7.025540697318452
7.096505754867123
7.168187631178912
7.240593566847386
7.3137308756034205
7.38760694505396
7.462229237428243
7.537605290331559
7.613742717506625
6.680548199501642
6.748028484345093
6.8161903882273664
6.8850407961892595
6.954586662817434
7.024835012946903
7.0957929423706085
7.16746761855617
7.239866281369869
7.312996243807948
7.386864892735301
7.461479689631617
7.536848171345068
7.612977950853604
6.679775707932933
6.747248189831246
6.815402211950754
6.884244658536115
6.953782483369813
7.024022710474559
7.094972434822787
7.1666388230533205
7.239029114195273
7.312150620399266
7.386010727676027
7.460616896642451
7.5359766632752025
7.612097639671922
6.678886504719113
6.746350004766781
6.81449495430988
6.883328236676646
6.952856804723885
7.023087681539278
7.094027961150785
7.165684809243218
7.238065463882038
7.311177236244483
7.385027511358064
7.459623748846529
7.534973483683363
7.611084326952891
6.677862956518072
6.7453161176950225
6.813450623934366
6.882273357509461
6.951791270211577
7.022011384052098
7.092940791971816
7.16458665855739
7.23695622076504
7.310056788651556
7.383895746112683
7.4584805516289725
7.533818739019164
7.609917918201176
6.676684765859774
6.744126026120983
6.812248511233316
6.881059102255875
6.9505647497534095
7.0207724744983935
7.091689368180195
7.16332259412141
7.235679388001424
7.308767058587297
7.382592988472018
7.45716463482022
7.532489530121435
7.6085752829509445
6.675328568637318
6.742756129936685
6.810864777713824
6.879661391630125
6.94915292083851
7.019346384685364
7.09024887341956
7.1618675489086465
7.234209645362269
7.307282470062899
7.381093404103938
7.455649903135291
7.530959498116456
7.607029796077228
6.673767470785079
6.741179263419272
6.80927198325179
6.878052508335141
6.947527786197113
7.017704834542538
7.08859074196216
7.160192668648647
7.232517847119846
7.305573582949339
7.379367255504383
7.453906318691296
7.52919830170838
7.605250809806445
6.671970514956005
6.7393641565212175
6.807438541940623
6.876200547414771
6.945657118600779
7.015815271313918
7.0866820922362805
7.158264739632607
7.23057044407334
7.30360650916499
7.377380312287869
7.451899305341282
7.527171015496244
7.603203045955802
6.669902066622023
6.73727481476972
6.80532809572699
6.874068783562616
6.94350382178042
7.013640224020627
7.08448507476831
7.156045530069
7.228328818251515
7.301342240658096
7.3750931723819155
7.449589063012036
7.524837437385895
7.600845896349389
6.667521107423625
6.734869805478409
6.802898793412535
6.871614942840944
6.941025194788833
7.01113656039276
7.081956121608849
7.15349103192813
7.225748517099121
7.298735875857698
7.3724604806643415
7.44692977844883
7.522151291362454
7.598132617537833
6.6647804217553865
6.732101436116552
6.80010246072379
6.868790364367464
6.9381720852196604
7.008254631535011
7.079045082358597
7.150550588241007
7.222778371960613
7.295735729253145
7.369430029548631
7.443868716715788
7.519059309813928
7.595009403852452
6.661625660457022
6.728914808542447
6.796883644992371
6.865539035345829
6.934887914490737
7.004937287364381
7.075694229660991
7.147165888546455
7.219359483380258
7.292282306444705
7.36594172368152
7.440345175435879
7.515500177207959
7.591414320412079
6.657994263042505
6.725246730345964
6.7931785155009745
6.861796480304014
6.931107555862641
7.0011187432955975
7.071837114439997
7.143269812565654
7.21542405309662
7.288307124340021
7.361926388222243
7.436289281032569
7.511403314174312
7.5872760749235475
6.653814217094492
6.721024461711608
6.788913597688493
6.85748848251363
6.926756042943061
6.996723275700061
7.06739724818188
7.138785099173616
7.210894039569309
7.283731353100312
7.357304397071022
7.431620603102043
7.506687477880852
7.582512603920052
6.649002630222275
6.716164272951793
6.784004316112922
6.852529612235275
6.921747083065934
6.99166372026862
7.062286586129919
7.133622814272646
7.20567961037641
7.278464252905464
7.351984093843903
7.426246559438286
7.501259150947764
7.577029445401782
6.643464086264426
6.7105697841054806
6.778353317278263
6.846821532604307
6.915981346064957
6.985839743499956
7.0564037813130875
7.127680587184937
7.199677360792865
7.272401374538248
7.345859974281058
7.420060580081877
7.495010686951391
7.570717865607465
6.637088753138854
6.70413005367561
6.771848539066273
6.840251049561892
6.9093444945069615
6.979135853037335
7.049632174785187
7.120840580591098
7.192768263223331
7.265422488104375
7.338810594044823
7.412939993984669
7.48781817574209
7.563452702769788
6.6297502048179675
6.696717378604007
6.764360988488896
6.832687867160501
6.901704916323738
6.971419107397716
7.041837482219915
7.11296715375749
7.184815306825747
7.257389198813886
7.330696160418067
7.404743596381886
7.47953898624433
7.555089885095282
6.621302914237659
6.688184761856221
6.755742183693153
6.823982003730458
6.89291111487925
6.96253647967601
7.0328651309858685
7.103904172712999
7.1756607805181805
7.248142202543617
7.321355760145067
7.395308848631381
7.470008938011496
7.545463573748986
6.611579367423218
6.67836299739719
6.745821209492111
6.813960817668799
6.882788704715959
6.952311822945413
7.0225371948943565
7.093471914034703
7.165123145489599
7.237498126757171
7.3106041684415874
7.384448654991503
7.459039045445962
7.534382874187841
6.60038674160388
6.667057314751394
6.734401328031711
6.8024255838704155
6.87113695340446
6.9405423771762225
7.010648865834568
7.0814635008429985
7.152993435194948
7.225245894136311
7.298228175895264
7.3719476524194585
7.446411770120665
7.521628050626934
6.587503081441348
6.654043516607422
6.721256077381235
6.789147552910339
6.857724800919534
6.92699474840357
6.996964392326839
7.06764080033014
7.139031111444586
7.211142536812713
7.283982360416882
7.357557939815033
7.431876706883871
7.506946168569567
6.572672897545018
6.639063532873755
6.706124780680561
6.77386341482885
6.842286277604899
6.911400280408989
6.981212404453524
7.051729701468206
7.12295929441233
7.194908378194273
7.2675842203982555
7.34099416201844
7.4151456182004445
7.490046078990348
6.55560209999025
6.6218203030204545
6.688707376788338
6.756270077563978
6.824515229862604
6.893449727133944
6.963080532458529
7.03341467925104
7.104459271970748
7.176221486839139
7.248708572564786
7.321927851075542
7.395886718258123
7.470592644705175
6.5359521663688644
6.601971885221075
6.6686584699202776
6.736018656485129
6.804059248974878
6.872787120176644
6.942209212299641
7.012332537676405
7.083164179471116
7.154711292395067
7.2269811034293605
7.2999809125549096
7.373718093489808
7.448200094434149
6.513333428721363
6.579124675476124
6.645580480278913
6.712707555837286
6.780512682663926
6.849002709761542
6.918184555314689
6.9880652073885745
7.058651724634924
7.129951237004974
7.201970946469671
7.274718127747143
7.348200129037518
7.422424372765169
6.487297346227444
6.552825602249944
6.619015759848428
6.685874504897402
6.753408590805456
6.821624839197431
6.890530140603465
6.9601314551550155
7.030435813287895
7.101450316452419
7.173182137830726
7.24563852306134
7.31882679097105
7.392754334314192
6.4573276104183766
6.522553141836744
6.588437517006812
6.654987390915972
6.722209485773709
6.790110591690615
6.858697567364258
6.927977340771978
6.997956909870685
7.068643343303722
7.140043781114871
7.212165435469567
7.2850155913834005
7.35860160745798
6.422829906523212
6.487706976286073
6.553239369985932
6.619433707056497
6.686296673794441
6.753835024034789
6.82205557983312
6.890965232154667
6.960570941570371
7.03087973895997
7.101898726222192
7.173635076992113
7.246096037365771
7.319288926632091
6.383120127911203
6.447596088799195
6.512723322019389
6.578508406080191
6.644957985939587
6.7120787736763505
6.779877549168031
6.848361160775789
6.917536526036151
6.987410632359748
7.05799053773712
7.129283371451637
7.201296334799633
7.274036701817811
6.337410809916981
6.401425060522203
6.466085919719397
6.531399918908482
6.597373655463113
6.664013793397084
6.731327064037458
6.799320266704504
6.868000269398489
6.937374009493423
7.007448494437801
7.078230802462425
7.149728083295379
7.221947558884222
6.2847955140244665
6.348278296994411
6.4124023201963745
6.477174060804419
6.5426000614186055
6.608686930725864
6.675441344167539
6.742870044613676
6.810979843044118
6.879777619236482
6.949270322461094
7.019464972182923
7.090368658770629
7.161988544212757
6.224230852740158
6.287101871454705
6.350607950964348
6.414755506024594
6.479551016186459
6.545001026450969
6.611112147930271
6.677891058515425
6.7453445035509345
6.813479296516095
6.882302319713228
6.951820524962856
7.022040934305915
7.0929706407130455
6.154515798700046
6.2166826249495415
6.279477398938931
6.3429064635746775
6.406976225833008
6.471693157407079
6.537063795360686
6.603094742788572
6.669792669483406
6.737164312609501
6.805216477383334
6.873956037760943
6.943389937132266
7.013525189022491
6.0742678676994855
6.1356241087873595
6.1976001098862215
6.260202131198204
6.323436496159802
6.387309592080609
6.4518278707884935
6.5169978492813065
6.582826110385158
6.649319303419351
6.716484144868032
6.784327419058618
6.8528559788470895
6.922076746310191
5.9818957033436275
6.042318892266291
6.103352416430597
6.165002440838987
6.227275192766654
6.29017696239056
6.353714103424808
6.417893033762433
6.4827202361236695
6.548202258710777
6.614345715869472
6.681157288757043
6.748643726017215
6.816811844461833
5.875567519658418
5.934916686523654
5.9948653399228835
6.05541953527564
6.116585389167313
6.178369079966983
6.240776848451499
6.303814998435858
6.367489897409957
6.431807977181775
6.496775734527045
6.5623997318455
6.628686597823737
6.695643028104785
5.753174775863419
5.811287652387292
5.869987527663931
5.929280330973668
5.989172051488554
6.049668738877327
6.110776503916492
6.172501519107568
6.234850019300574
6.297828302323812
6.361442729620013
6.425699726888902
6.490605784736265
6.5561674593295605
5.612290362959152
5.6689801646052045
5.726242590510307
5.7840834247578865
5.842508509856451
5.901523747329748
5.9611350983128775
6.021348584154421
6.0821702870246686
6.143606350529969
6.205662980333302
6.2683464447811135
6.331663075536478
6.395619268218665
5.4501204729481465
5.505172194897118
5.560779994845574
5.616949489743004
5.673686353275762
5.730996316440164
5.788885168121378
5.847358755678159
5.906422985533494
5.966083823771206
6.026347296738592
6.087219491655143
6.148706557227418
6.210814704270119
5.263449196232443
5.316615349729741
5.370318535080546
5.424564176849037
5.479357754392967
5.534704802417139
5.590610911532464
5.6470817288206705
5.704122958404718
5.761740362024968
5.81993975962118
5.878727029920384
5.938108111030691
5.9980890010411025
5.048574748526367
5.099570453056936
5.151081265714077
5.203112389610179
5.255669080414322
5.308756646883153
5.362380451397124
5.416545910502146
5.471258495456713
5.526523732784558
5.582347204832887
5.63873455033625
5.695691464986111
5.7532237020061725
4.801236062632498
4.849733396598483
4.89872060262473
4.948202628913869
4.998184473650372
5.048671185505427
5.0996678641468955
5.15117966075444
5.203211778539838
5.255769473272564
5.308858053810671
5.362482882637042
5.416649376401052
5.471363006465709
4.516528289359302
4.562149787231618
4.608232108314766
4.654779907388653
4.701797886251164
4.749290794193095
4.797263428477874
4.845720634826135
4.894667307905187
4.944108391823421
4.994048880629718
5.044493818817897
5.09544830183626
5.146917476602283
4.188805531921498
4.231116698910604
4.273855251424853
4.31702550648975
4.360631824737121
4.404678610845576
4.449170313985431
4.494111428268112
4.539506493200113
4.585360094141528
4.63167686276922
4.6784614775446665
4.725718664186532
4.7734531961480124
3.8115688849979925
3.850069580806053
3.888959172531367
3.928241588415522
3.9679207963793153
4.008000804423551
4.04848566103389
4.089379455589788
4.130686318777564
4.172410423007641
4.214555982836001
4.2571272553899
4.300128540797878
4.34356418262412
3.377337558206182
3.4114520789961436
3.4459111909051954
3.4807183746517127
3.515877146112841
3.5513910566796376
3.5872636936157956
3.6234986804199956
3.6600996771919148
3.697070381001934
3.73441452626458
3.7721358851157376
3.8102382677936744
3.8487255230239135
2.8775005283069834
2.906566190209074
2.93592544465563
2.9655812572279094
2.995536623462535
3.0257945691540757
3.0563581506606825
3.0872304552128105
3.1184146012250613
3.149913738611173
3.181731049102195
3.2138697465678736
3.2463330773412866
3.2791243205467544
2.302145778330055
2.325399776090965
2.3488886627181462
2.3726148108264105
2.396580616996374
2.4207885020165394
2.4452409111278177
2.469940314270523
2.4948892063338617
2.520090107407941
2.545545563038324
2.571258144483156
2.597230448972885
2.623465099972611
1.6398637373460716
1.6564280175212844
1.673159613657863
1.6900602158160232
1.707131531127296
1.7243752839669657
1.7417932161282481
1.7593870869982304
1.7771586737355862
1.7951097714500872
1.8132421933839264
1.8315577710948752
1.850058354641288
1.868745812768978
0.8775210229989678
0.8863848717161291
0.8953382542587163
0.9043820750088043
0.9135172474836407
0.92274469442792
0.9320653479069899
0.9414801494009999
0.9509900498999999
0.96059601
0.9702989999999999
0.9801
0.99
1.0
0.0
0.0
0.0
0.0
0.0
0.0
0.0
0.0
0.0
0.0
0.0
0.0
0
