Q-Learning
13.371322312320839
13.506386174061454
13.642814317233793
13.780620522458376
13.919818709553915
14.060422938943349
14.20244741307409
14.345906477852616
14.49081462409355
14.637186488983385
14.785036857558975
14.934380664200985
15.085232994142409
15.237609084992332
13.371322308073063
13.50638616977077
13.642814312899768
13.780620518080573
13.919818705131892
14.060422934476659
14.202447408562282
14.345906473295235
14.490814619490136
14.637186484333471
14.785036852862092
14.934380659456659
15.08523298935016
15.237609080151678
13.371322303183513
13.50638616483183
13.64281430791094
13.780620513041354
13.919818700041771
14.060422929335123
14.202447403368812
14.345906468049305
14.490814614191217
14.637186478981027
14.785036847455583
14.934380653995538
15.085232983833876
15.237609074579673
13.371322297555226
13.506386159146693
13.642814302168377
13.780620507240785
13.919818694182611
14.060422923416779
14.202447397390685
14.345906462010793
14.49081460809171
14.63718647281991
14.785036841232232
14.934380647709325
15.085232977484168
15.237609068165826
13.371322291076591
13.506386152602618
13.6428142955582
13.780620500563838
13.919818687438221
14.060422916604264
14.202447390509358
14.345906455059957
14.490814601070664
14.637186465727943
14.78503683406863
14.934380640473362
15.085232970175113
15.237609060782942
13.371322283619133
13.50638614506983
13.642814287949324
13.780620492878105
13.919818679674854
14.06042290876248
14.202447382588364
14.345906447058953
14.49081459298884
14.637186457564486
14.785036825822713
14.934380632144155
15.085232961761772
15.237609052284618
13.371322275034968
13.506386136398959
13.642814279190867
13.780620484031179
13.919818670738564
14.060422899735924
14.20244737347063
14.345906437849122
14.490814583685982
14.637186448167657
14.785036816330967
14.934380622556533
15.085232952077307
15.237609042502331
13.37132226515387
13.50638612641805
13.642814269109142
13.780620473847618
13.919818660452139
14.060422889345595
14.202447362975349
14.345906427247828
14.490814572977603
14.637186437351115
14.785036805405166
14.93438061152037
15.085232940929666
15.237609031242087
13.371322253779885
13.506386114929176
13.642814257504218
13.780620462125473
13.919818648611589
14.060422877385443
14.202447350894387
14.345906415044835
14.49081456065135
14.637186424900353
14.78503679282864
14.934380598816809
15.085232928097787
15.237609018280592
13.371322240687467
13.506386101704512
13.642814244145972
13.780620448632295
13.919818634982116
14.0604228636183
14.20244733698818
14.345906400998162
14.49081454646279
14.637186410568475
14.785036778351994
14.934380584193933
15.085232913327205
15.237609003360813
13.371322225616982
13.5063860864818
13.642814228769495
13.7806204331005
13.919818619293435
14.060422847771147
14.202447320980957
14.345906384829249
14.490814530130555
14.637186394071268
14.785036761688149
14.934380567361767
15.085232896325017
15.237608986186887
13.371322208269582
13.506386068959173
13.642814211069872
13.780620415222094
13.919818601234438
14.060422829529735
14.202447302555287
14.345906366217461
14.490814511330768
14.637186375081583
14.78503674250665
14.934380547986516
15.085232876754056
15.237608966418238
13.371322188301251
13.506386048789143
13.642814190696104
13.78062039464253
13.919818580447
14.060422808532323
14.202447281345782
14.345906344793718
14.490814489690624
14.637186353222853
14.785036720427124
14.934380525683963
15.085232854226225
15.237608943662854
13.371322165316014
13.506386025571732
13.642814167244174
13.780620370953711
13.9198185565189
14.060422784362524
14.202447256931842
14.345906320133174
14.490814464780984
14.6371863280616
14.785036695011717
14.934380500011835
15.085232828294783
15.237608917469478
13.371322138858059
13.506385998846524
13.642814140249014
13.780620343685873
13.91981852897563
14.06042275654104
14.202447228829334
14.345906291746802
14.49081443610788
14.63718629909887
14.785036665756435
14.934380470461045
15.085232798445501
15.237608887318688
13.371322108402715
13.506385968083551
13.642814109175305
13.780620312298288
13.919818497270997
14.060422724516158
14.202447196480968
14.345906259071684
14.490814403102712
14.637186265760315
14.785036632081127
14.934380436445583
15.085232764086447
15.237608852612572
13.371322073346033
13.50638593267276
13.642814073406829
13.780620276168515
13.919818460776277
14.060422687652805
14.202447159245258
14.345906221459856
14.490814365110966
14.637186227384815
14.785036593317995
14.934380397290905
15.085232724536269
15.237608812662899
13.371322032992827
13.506385891911947
13.64281403223429
13.780620234580091
13.919818418767768
14.060422645219967
14.202447116383805
14.34590617816546
14.490814321379252
14.637186183211366
14.785036548698349
14.934380352220554
15.08523267901066
15.237608766677434
13.371321986542863
13.506385844992792
13.642813984841204
13.780620186708287
13.919818370412411
14.060422596376172
14.20244706704664
14.34590612832994
14.490814271040344
14.637186132363984
14.785036497337359
14.934380300340766
15.085232626606835
15.237608713744278
13.371321933075029
13.506385790984877
13.642813930287755
13.780620131603794
13.919818314751307
14.060422540152835
14.202447010255389
14.34590607096504
14.490814213096
14.637186073834343
14.785036438216508
14.934380240622735
15.08523256628559
15.237608652813728
13.371321871529018
13.50638572881719
13.64281386749211
13.78062006817385
13.919818250680656
14.060422475435006
14.202446944883844
14.345906004933177
14.490814146397149
14.637186006461766
14.7850363701634
14.934380171882223
15.08523249685073
15.237608582677506
13.371321800684349
13.506385657256919
13.64281379520901
13.780619995160617
13.919818176929915
14.06042240093931
14.202446869635667
14.345905928924916
14.490814069621127
14.63718592891023
14.785036291828515
14.934380092756076
15.08523241692533
15.237608501944777
13.371321719136139
13.50638557488499
13.64281371200504
13.780619911116203
13.919818092036568
14.060422315188452
14.202446783018638
14.345905841432968
14.490813981245422
14.637185839641841
14.785036201658425
14.934380001675176
15.085232324924421
15.237608409014566
13.371321625267239
13.506385480067918
13.642813616230221
13.78061981437396
13.919817994317132
14.060422216481951
14.202446683315102
14.345905740722326
14.490813879517502
14.637185736886366
14.785036097865015
14.934379896833349
15.085232219023585
15.237608302044025
13.371321517216186
13.506385370925441
13.642813505985295
13.78061970301545
13.919817881833788
14.060422102862413
14.202446568547892
14.34590562479585
14.490813762420052
14.637185618606113
14.785035978390013
14.934379776151529
15.085232097122756
15.237608178911875
13.371321392840278
13.50638524529321
13.64281337908405
13.780619574832373
13.919817752355932
14.0604219720767
14.202446436441111
14.345905491354658
14.490813627630969
14.637185482455523
14.785035840864165
14.93437963723653
15.085231956804575
15.237608037176338
13.37132124967307
13.506385100679868
13.642813233009967
13.780619427282796
13.919817603315956
14.060421821531268
14.202446284375018
14.345905337752544
14.490813472477317
14.637185325734663
14.785035682560265
14.934379477333602
15.085231795286466
15.237607874026734
13.37132108487549
13.506384934217667
13.642813064866331
13.780619257440739
13.919817431758322
14.060421648240728
14.202446109334069
14.345905160943504
14.490813293882328
14.637185145335685
14.785035500339076
14.934379293271794
15.085231609365449
15.237607686227726
13.37132089517952
13.506384742605576
13.642812871318764
13.780619061938145
13.919817234280954
14.06042144876864
14.20244590784711
14.345904957421324
14.490813088304368
14.63718493768118
14.78503529058705
14.934379081401062
15.085231395354608
15.23760747005516
13.371320676823395
13.506384522043833
13.642812648529125
13.780618836898105
13.919817006967783
14.060421219159377
14.202445675918563
14.345904723150063
14.49081285166673
14.637184698653263
14.78503504914471
14.93437883751991
15.08523114901001
15.237607221222232
13.371320425477002
13.506384268158588
13.642812392079382
13.780618577857961
13.919816745311072
14.06042095485967
14.202445408949162
14.345904453484001
14.490812579276769
14.637184423511888
14.78503477122413
14.93437855679205
15.085230865446515
15.23760693479446
13.37132013615602
13.506383975915172
13.642812096884013
13.780618279680821
13.919816444122041
14.060420650628325
14.202445101644773
14.34590414307553
14.490812265732858
14.637184106800866
14.785034451314006
14.934378233650511
15.08523053904092
15.237606605091838
13.371319803123068
13.506383639518251
13.642811757089143
13.78061793645368
13.91981609742796
14.060420300432282
14.202444747911397
14.345903785769087
14.49081190481726
14.637183742239657
14.78503408307036
14.934377861687233
15.085230163320437
15.237606225576199
13.371319419773938
13.506383252296907
13.64281136595647
13.780617541370173
13.91981569835371
14.06041989732698
14.202444340734324
14.345903374479116
14.490811489372845
14.637183322598833
14.785033659190741
14.934377433526002
15.085229730834346
15.237605788721561
13.371318978506627
13.50638280657235
13.642810915729648
13.780617086595603
13.919815238985457
14.060419433318643
14.202443872039034
14.345902901049529
14.49081101116114
14.637182839556708
14.785033171269403
14.934376940676165
15.085229233006228
15.237605285864877
13.371318470570582
13.506382293505638
13.642810397480442
13.780616563111558
13.919814710213695
14.060418899205752
14.202443332531063
14.345902356091983
14.490810460698974
14.637182283534317
14.785032609630623
14.934376373364266
15.085228659963905
15.237604707034247
13.371317885893179
13.506381702922402
13.642809800931719
13.78061596053709
13.919814101552618
14.060418284396583
14.2024427115117
14.345901728799697
14.490809827070402
14.637181643505457
14.785031963136825
14.934375720340228
15.085228000343664
15.237604040751176
13.371317212879976
13.506381023111087
13.642809114253623
13.780615266922851
13.919813400932172
14.060417576699164
14.202441996665822
14.345901006733154
14.490809097710256
14.637180906778037
14.785031218967713
14.934374968654256
15.085227241064905
15.237603273802934
13.371316438184783
13.50638024059069
13.64280832382898
13.780614468514122
13.919812594458708
14.060416762079504
14.20244117381768
14.345900175573416
14.490808258154965
14.63718005874239
14.78503036236605
14.934374103400051
15.085226367070758
15.237602390980564
13.371315546445015
13.506379339843448
13.642807413983281
13.780613549478062
13.919811666139456
14.06041582438329
14.202440226649788
14.34589921883817
14.490807291755727
14.637179082581543
14.785029376344994
14.934373107419185
15.08522536102948
15.237601374777253
13.371314519977023
13.506378303007095
13.642806366673833
13.78061249158973
13.919810597565384
14.060414745015539
14.202439136379333
14.345898117554881
14.490806179348365
14.637177958937743
14.785028241351256
14.934371960960865
15.085224202990773
15.237600205041185
13.37131333842544
13.506377109520646
13.642805161131966
13.780611273870672
13.919809367546133
14.060413502571851
14.202437881385709
14.345896849884555
14.490804898873288
14.637176665528573
14.785026934877347
14.93437064129025
15.085222869990153
15.237598858575913
13.371311978359508
13.506375735716674
13.642803773451186
13.780609872172915
13.919807951689814
14.060412072413953
14.202436436781772
14.345895390688659
14.49080342493804
14.63717517670509
14.785025431015244
14.934369122237621
15.085221335593557
15.23759730868036
13.371310412808445
13.506374154351965
13.642802176113095
13.780608258700097
13.91980632191929
14.060410426181102
14.202434773920306
14.345893711030612
14.49080172831375
14.637173462943181
14.785023699942608
14.934367373679402
15.085219569373134
15.237595524619328
13.371308610726594
13.506372334067267
13.642800337441685
13.780606401456247
13.919804445915402
14.060408531227678
14.202432859825937
14.345891777601956
14.490799775355512
14.637171490258094
14.785021707331408
14.934365360940816
15.085217536303855
15.237593471013994
13.371306536377773
13.506370238765427
13.642798220975179
13.780604263611291
13.919802286476052
14.06040634997581
14.202430656541223
14.345889552061841
14.490797527335193
14.637169219530499
14.78501941366717
14.934363044108252
15.085215196068942
15.237591107140346
13.371304148626614
13.50636782689557
13.642795784742999
13.780601802770706
13.91979980077849
14.060403839170192
14.20242812037393
14.345886990276698
14.490794939673433
14.63716660573074
14.785016773465395
14.934360377237773
15.085212502260378
15.237588386121594
13.371301400122823
13.506365050629114
13.642792980433448
13.780598970134797
13.919796939530098
14.060400949020302
14.202425201030609
14.345884041445059
14.490791961055615
14.637163597025873
14.785013734369569
14.934357307444008
15.085209401458595
15.237585253998581
13.371298236362204
13.506361854911317
13.642789752435673
13.780595709530983
13.919793645990893
14.060397622213024
14.202421840619216
14.345880647090118
14.49078853241426
14.63716013375178
14.785010236112909
14.934353773851424
15.085205832173155
15.237581648659754
13.371294594605812
13.506358176369508
13.642786036736878
13.780591956299876
13.919789854848359
14.06039379277612
14.20241797250113
14.345876739900133
14.49078458575771
14.63715614723001
14.785006209323242
14.934349706387113
15.085201723623348
15.237577498609442
13.3712904026358
13.506353942056364
13.642781759652893
13.780587636013022
13.919785490922244
14.060389384769945
14.20241351996964
14.345872242393577
14.490780042821795
14.637151558405854
14.785001574147328
14.934345024391241
15.085196994334588
15.23757272155009
13.371285577323322
13.506349068003356
13.642776836367027
13.780582662996997
13.919780467673734
14.060384310781549
14.202408394728838
14.345867065382665
14.490774813517843
14.63714627628065
14.784996238667324
14.9343396350175
15.085191550522726
15.23756722275023
13.371280022980029
13.506343457555586
13.642771169248066
13.780576938634411
13.919774685489305
14.060378470191218
14.202402495142644
14.345861106204692
14.490768794146154
14.637140196107227
14.784990097078007
14.934333431391925
15.085185284234269
15.237560893165929
13.371273629460534
13.506336999455085
13.642764645914227
13.78057034940831
13.919768029705363
14.060371747177134
14.202395704219327
14.345854246686189
14.490761865339586
14.637133197312712
14.784983027588599
14.934326290493534
15.08517807120559
15.237553607278373
13.371266269978156
13.5063295656345
13.642757137004546
13.780562764651057
13.919760368334401
14.060364008418587
14.202387887291502
14.345846350799498
14.490753889696462
14.637125141107537
14.784974890007614
14.934318070714761
15.08516976839875
15.237545220604797
13.371257798590705
13.50632100867748
13.642748493613617
13.780554033953148
13.919751549447625
14.060355100452147
14.202378889345603
14.345837261965256
14.490744709055814
14.637115867733145
14.784965522962773
14.934308609053307
15.085160211164956
15.237535566833289
13.371248047306352
13.506311158895306
13.642738544338693
13.780543984180499
13.91974139816212
14.060344846628405
14.202368531947885
14.345826799947359
14.490734141360969
14.637105193293909
14.784954740700918
14.934297717879716
15.08514920997951
15.237524454524758
13.37123682275228
13.5062998209619
13.642727091880706
13.780532416041117
13.919729713172845
14.060333043608935
14.202356609705996
14.345814757278784
14.490721977049278
14.637092906110382
14.784942329404426
14.934285181216593
15.085136546683428
15.237511663316594
13.371223902339993
13.506286770040397
13.642713909131714
13.780519100133045
13.919716262760652
14.060319457333991
14.20234288619595
14.345800895147425
14.49070797489639
14.637078762521606
14.784928042951117
14.934270750455674
15.085121970157246
15.237496939552774
13.371209029851286
13.506271747324531
13.642698734671244
13.780503772395196
13.919700780197168
14.060303818380978
14.202327089273716
14.34578493866032
14.490691857232646
14.637062482053178
14.784911598033514
14.934254139427791
15.085105191341203
15.23747999125374
13.371191910357314
13.506254454906378
13.6426812675822
13.780486128870908
13.919682958455462
14.060285816621679
14.202308905678464
14.345766571392389
14.490673304436756
14.63704374185531
14.784892668540717
14.934235018727998
15.085085877503028
15.237460482326291
13.37117220436999
13.506234549868678
13.642661161483513
13.780465819680316
13.919662444121531
14.060265095072253
14.202287974820457
14.345745429111574
14.490651948597549
14.637022170300554
14.78487087909147
14.934213009183303
15.0850636456397
15.237438025898687
13.371149521109785
13.506211637484633
13.642638017661245
13.780442442082066
13.919638830385924
14.060241242814065
14.202263881630369
14.345721092555928
14.49062736621811
14.636997339614252
14.784845797590155
14.93418767433349
15.085038054882313
15.237412176648801
13.371123410756365
13.506185263390268
13.642611377161888
13.780415532486755
13.91961164897652
14.06021378684497
14.202236148328254
14.345693079119448
14.490599069817623
14.63696875739154
14.78481692665812
14.934158511775879
15.085008597753413
15.237382421973145
13.371093355528428
13.50615490457417
13.642580711691082
13.78038455726372
13.919580360872445
14.060182182699439
14.202204224948929
14.345660833281746
14.490566498264391
14.636935856832718
14.784783693770422
14.934124943202447
15.084974690103481
15.237348171821697
13.371058759415856
13.506119959005915
13.642545413137288
13.780348902158877
13.919544345615028
14.060145803651544
14.202167478435904
14.345623715591822
14.490529005648305
14.636897985503339
14.784745439902363
14.93408630293168
15.08493565952695
15.23730874699692
13.371018936360525
13.506079733697499
13.642504781512626
13.780307860113764
13.919502889003802
14.060103928286669
14.202125180087544
14.345580989987418
14.49048584847214
14.636854392396101
14.784701406460709
14.934041824707787
15.084890732028068
15.237263365684917
13.370973096651431
13.506033430961041
13.64245801107176
13.780260617244203
13.919455168933538
14.060055726195493
14.20207649110656
14.345531809198546
14.490436170907621
14.636804213038001
14.784650720240405
14.93399062650546
15.084839016672182
15.2372111279517
13.370920331264342
13.505980132590246
13.642404174333581
13.780206236700588
13.919400239091503
14.06000024150657
14.202020445966232
14.345475197945689
14.490378987823927
14.636746452347401
14.784592376108487
14.933931693038875
15.084779487918055
15.237150997897025
13.370859593835378
13.505918781651898
13.642342203688786
13.780143640089683
13.9193370101916
14.059936373930908
14.201955933263543
14.345410033599538
14.49031316525206
14.63667996490107
14.784525217071788
14.933863855628069
15.084710965280877
15.237081783111996
13.370789679911107
13.505848161526371
13.642270870228659
13.780071586089555
13.919264228373288
14.059862856942715
14.20188167367951
14.345335023918699
14.490237397897676
14.636603432219875
14.784447911333208
14.933785769023443
15.08463208992267
15.237002111033
13.370709203063637
13.505766871781452
13.642188759375204
13.779988645833539
13.919180450336908
14.059778232663543
14.20179619460964
14.345248681423879
14.490150183256443
14.63651533662267
14.784358925881484
14.933695884728772
15.084541297705831
15.236910401723062
13.370616567397033
13.505673300401043
13.642094242829335
13.779893174575086
13.91908401472231
14.05968082295183
14.201697800961444
14.345149293900448
14.490049791818635
14.636413931129933
14.784256496090842
14.93359242029378
15.084436788175536
15.236804836540946
13.370509935899946
13.505565591818128
13.641985446280938
13.779783279071655
13.918973009163288
14.059568696124535
14.201584541539933
14.345034890444378
14.489934232772098
14.636297204820302
14.784138590727578
14.93347332396725
15.084316488855809
15.236683322076574
13.370387194016741
13.50544161011792
13.641860212240323
13.77965678004073
13.918845232364374
14.059439628650884
14.201454170354427
14.344903202378209
14.489801214523444
14.636162842952974
14.78400287166967
14.933336234009769
15.084178014151282
15.23654344863766
13.370245907714807
13.505298896681623
13.641716057254165
13.779511168943602
13.918698150448083
14.059291061058671
14.201304102079465
14.344751618262086
14.489648099254632
14.636008181065286
14.783846647540694
14.933178431859286
15.084018618039682
15.236382442464325
13.37008327521649
13.505134621430798
13.641550122657373
13.77934355823977
13.918528846706838
14.059120047178624
14.201131360786489
14.344577132107565
14.489471850613702
14.635830152135053
14.783666820338437
14.932996788220644
15.083835139616811
15.236197110724051
13.369896071438436
13.504945526705491
13.641359117884335
13.77915062412559
13.918333963763223
14.058923195720427
14.200932520929724
14.344376283767398
14.489268973502423
14.635625225760023
14.783459824000024
14.932787701010126
15.083623940414268
15.23598377819623
13.369680584036596
13.504727862663229
13.641139255215382
13.778928540621598
13.918109636991513
14.05869660302173
14.200703639415888
14.34414509031908
14.489035444766747
14.63538933814823
14.783221553685081
14.932547023924325
15.083380832246792
15.2357382143907
13.369432539788587
13.504477312917764
13.64088617466441
13.778672903701423
13.917851417880225
14.05843577563659
14.200440177410698
14.343878967081514
14.48876663341567
14.63511781153098
14.782947284374728
14.932269984216898
15.083100994158483
15.235455549655034
13.36914701985357
13.504188908943
13.640594857518183
13.77837864395776
13.91755418581592
14.058135541228202
14.200136910331517
14.343572636698502
14.488457208786366
14.63480526140037
14.782631577172092
14.931951088052617
15.082778876820825
15.235130178606894
13.368818362229186
13.503856931544632
13.64025952681276
13.778039926073497
13.917212046538886
14.057789945998875
14.19978782424129
14.34322002448615
14.488101034834495
14.634445489731814
14.782268171446276
14.931584011561895
15.082408092486764
15.23475564897653
13.368440049471241
13.503474797445698
13.639873532773432
13.777650033104477
13.916818215257047
14.05739213662328
14.199385996589172
14.34281413796886
14.487691048453394
14.634031362074136
14.781849860680946
14.9311614754353
15.081981288318485
15.234324533655036
13.368004579449531
13.5030349287369
13.639429220946363
13.777201233279154
13.916364882100156
14.056934224343593
14.198923458932923
14.342346928215074
14.487219119409165
14.633554666069864
14.78136834956552
14.930675100571232
15.081490000577002
15.233828283411114
13.367503316576883
13.502528602602911
13.638917780406981
13.776684626673719
13.91584305724618
14.056407128531495
14.198391038920702
14.341809130222932
14.486675889114073
14.633005948600074
14.780814089495024
14.930115241914166
15.080924486781985
15.23325705735554
13.366926320561152
13.501945778344599
13.638329069034949
13.776089968722172
13.915242392648658
14.055800396614806
14.197778178398794
14.341190079190701
14.486050585041113
14.632374328324357
14.780176089216521
14.929470797188406
15.08027353251354
15.232599527791455
13.366262149284298
13.501274898266967
13.637651412390875
13.775405467061491
13.914550976829789
14.055101996797767
14.197072724038149
14.340477499028433
14.485330807099427
14.631647279898411
14.779441696867082
14.928728986734425
15.079524229024672
15.231842655580477
13.365497631899473
13.500502658484317
13.63687137220638
13.774617547683214
13.913755098669913
14.054298079464559
14.196260686327838
14.339657258917008
14.48450228173435
14.630810385590253
14.778596349081065
14.927875100081884
15.078661717254429
15.23097143157013
13.364617607646595
13.499613745097571
13.635973479896537
13.773710585754078
13.91283897550917
14.053372702534515
14.195325962156076
14.338713093086946
14.483548578875704
14.629847049369397
14.77762328219131
14.926892204233647
15.077668893165301
15.22996857895485
13.36360462520692
13.49859053051204
13.634939929810141
13.77266659576782
13.911784440169516
14.052307515322743
14.194250015477518
14.33762627826012
14.482450786121333
14.628738167799327
14.7765031997973
14.925760807876062
15.076526068561678
15.228814210668363
13.36243859663471
13.497412723873445
13.633750226134794
13.77146487488363
13.910570580690536
14.051081394636904
14.193011509734246
14.336375262357825
14.481187133694773
14.627461751206841
14.77521389010792
14.924458474856486
15.075210580663118
15.22748543501325
13.361096399003284
13.496056968690185
13.632380776454733
13.770081592378519
13.909173325634868
14.049670025893805
14.191585884741217
14.33493523711234
14.479732562739738
14.625992487615896
14.773729785470602
14.922959379263235
15.073696342690136
15.225955901707207
13.359551415865866
13.494496379662491
13.630804423901507
13.76848931707223
13.907564966739626
14.048045420949117
14.189944869645574
14.333277646106641
14.478058228390546
14.624301240798532
14.772021455352053
14.921233793284902
15.071953326550405
15.224195279343844
13.357773009438226
13.492700009533563
13.62898990861976
13.766656473353292
13.90571360944777
14.046175363078556
14.18805592230157
14.331369618486436
14.476130927764077
14.622354472488967
14.770055022716129
14.919247497693059
15.069946967366725
15.222168653905783
13.355725913036144
13.490632235390045
13.626901247868732
13.764546715018922
13.903582540423153
14.044022768104195
14.185881583943631
14.32917331711478
14.47391244153008
14.620113577303112
14.767791492225365
14.916961103257945
15.067637478038328
15.219835836402352
13.353369531719547
13.488252052241966
13.624497022466633
13.76211820451175
13.901129499506819
14.041544948996787
14.18337873636039
14.32664518824282
14.471358776002848
14.617534117174594
14.765185976944036
14.91432926964044
15.06497906024287
15.217150565901889
13.350657137274636
13.48551225987337
13.621729555427647
13.75932278326025
13.89830584167702
14.038692769370728
14.18049774683912
14.323735097817293
14.468419290724539
14.614564940125797
14.762186808207876
14.911299806270582
15.061918996232912
15.214059592154456
13.347534941570158
13.482358526838544
13.61854396650358
13.756105016670283
13.895055572394226
14.035409669085077
14.17718148392432
14.320385337297294
14.465035694239692
14.611147165898679
14.758734511008766
14.907812637382593
15.05839660341676
15.21050161961289
13.34394102991201
13.478728313042435
13.614877083881247
13.752401094829542
13.891314237201557
14.031630542627836
14.173364184472561
14.316529479265213
14.46114088814668
14.60721301832998
14.754760624575738
14.903798610682564
15.054342030992489
15.206406091911605
13.339804133244046
13.47454962953944
13.61065619145398
13.748137567125232
13.88700764356084
14.027280448041253
14.16897014953662
14.312091060138
14.45665763650303
14.602684481316192
14.750186344763831
14.899178126024072
15.04967487477179
15.201691792698778
13.33504221484725
13.469739610956818
13.60579758682507
13.743229885681888
13.882050389577666
14.02227312078552
14.163912243217698
14.30698206385626
14.451497034198242
14.597471751715396
14.744920961328683
14.89385955689766
15.044302582724908
15.196265235075666
13.329560843510773
13.464202872233104
13.60020492144758
13.737580728734928
13.876344170439321
14.016509263070022
14.158090164717194
14.301101176482014
14.445556743921227
14.59147145850629
14.738860059097261
14.887737433431576
15.038118619627856
15.190018807704904
13.323251320914045
13.457829617084894
13.593767289984742
13.731078070691659
13.869775828981474
14.009874574728762
14.151388459321982
14.29433177709291
14.438718966760517
14.58456461288941
14.73188344736304
14.880690350871758
15.031000354415918
15.182828640824159
13.31598852608501
13.450493460691929
13.586357031001949
13.723592960608029
13.862215111725282
14.002237486591195
14.143674228879995
14.286539625131308
14.43084810619324
14.576614248680041
14.723852776444486
14.872578562065138
15.022806628348624
15.174552149847095
13.307628434188985
13.442048923423217
13.577827195376987
13.71497696502726
13.853512085886122
13.993446551400123
14.13479449636376
14.277570198347233
14.421788079138619
14.567462706200624
14.714608794142045
14.863241206204085
15.013374955761703
15.165025207840104
13.29800526044455
13.432328545903585
13.568008632225844
13.70505922447055
13.843494166131867
13.98332744053724
14.124573172259838
14.267245628545291
14.41135922075282
14.556928505810928
14.703968187687806
14.852493118876572
15.002518301895527
15.154058890803563
13.286928172528851
13.421139568210961
13.556706634556527
13.693643065208613
13.831962692129913
13.971679486999912
14.112807562626175
14.255361174369874
14.39935472158573
14.544802749076496
14.691719948562117
14.840121160163754
14.990021373902781
15.14143573121493
13.274177506277708
13.40826010735122
13.543697078132546
13.680502099123784
13.818688989013923
13.95827170607467
14.099264349570374
14.241681161182196
14.385536526446662
14.53084497620875
14.677621188089645
14.825879987969339
14.97563635148418
15.126905405539576
13.259500409635935
13.393434757208015
13.528721976977792
13.665375734321001
13.803409832647477
13.942838214795431
14.08367496443983
14.22593430751498
14.369630613651495
14.514778397627772
14.661392320836134
14.809487192763772
14.95907797248866
15.110179770190564
13.242605828475318
13.376369523712443
13.511484367386306
13.647964007460915
13.7858222297585
13.92507295935202
14.065730261971737
14.207808345425997
14.351321561036361
14.496284405087234
14.642711520290135
14.790617697262762
14.940017876022992
15.090927147497972
13.223158734846436
13.35672599479438
13.491642418984222
13.627921635337598
13.765577409431918
13.904623645890826
14.045074389788713
14.186943828069406
14.330246290979199
14.474996253514343
14.621208336883175
14.768897309983005
14.918078090891925
15.068765748375682
13.20077348320776
13.334114629502787
13.468802656063422
13.604851167740831
13.74227390680892
13.881084754352445
14.021297731669137
14.162927001685997
14.305986870389896
14.450491788272622
14.596456351790527
14.743895304838917
14.89282354024133
15.043256101253869
13.175006162882696
13.308087033214845
13.44251215476247
13.578295105820677
13.715449601839069
13.85398949680714
13.993928784653678
14.13528160066028
14.278062222889172
14.422285073625426
14.567964720833764
14.715115879630066
14.863753413767743
15.013892337139135
13.145345795090035
13.27812706574751
13.412249561361122
13.5477268296577
13.684572555209797
13.822800560817978
13.962424808907048
14.103459402936412
14.24591858882466
14.389816756388546
14.535168440796511
14.68198832403688
14.830291236400889
14.980092157980696
13.1112041999805
13.243640606040909
13.377414753576677
13.512540155127956
13.649030459725209
13.786899454267887
13.926161064917059
14.06682935850208
14.208918543941495
14.352442973678277
14.497417145129573
14.643855702151084
14.791773436516246
14.94118528941035
13.071904332737729
13.20394377044215
13.337316939840555
13.472037312970258
13.608118497949755
13.745574240353289
13.884418424599282
14.02466507535281
14.166328358942232
14.309422584790134
14.453962206858721
14.599961825109819
14.747436186979616
14.896400188868299
13.026666857442725
13.158249350952248
13.291160960557827
13.425415111674573
13.561025365327852
13.698005419523083
13.836369110629377
13.976130414777149
14.117303449269848
14.259902474009948
14.403941892939342
14.549436255494285
14.696400258075036
14.844848745530339
12.974594692454888
13.105651204499887
13.238031519696856
13.371749009794804
13.506817181610913
13.643249678394861
13.78106028120693
13.920262910310031
14.06087162657579
14.202900632904838
14.346364275661452
14.49127704612268
14.6376535819421
14.785508668628385
12.914655220836753
13.045106283673489
13.176875034013625
13.309974781831944
13.444418971547417
13.58022118338123
13.717395134728516
13.855954681543956
13.99591381974137
14.137286686607444
14.280087562229742
14.424330870939134
14.570031182766801
14.71720321491596
12.845659813046424
12.975413952572145
13.106478739971864
13.238867414112994
13.372593347588882
13.507670048069578
13.64411115966624
13.781930464309333
13.921141883140741
14.06175947791994
14.203797452444384
14.347270153984226
14.492192074731541
14.638577853264183
12.766240255822407
12.89519217759839
13.025446644038778
13.157016812160382
13.289915971879173
13.424157547352701
13.559755098336062
13.696722321551578
13.835073052072302
13.974821264719496
14.11598107547424
14.258566742903273
14.402592669599265
14.548073403635621
12.674821619833962
12.802850121044406
12.932171839438794
13.062799837816964
13.194747310926227
13.328027586794168
13.462654128074917
13.598640533409007
13.736000538796977
13.874748018986846
14.014896988875602
14.15646160492485
14.299456166590758
14.443895117768443
12.569591028048933
12.696556593988822
12.824804640392749
12.954348121608838
13.085200122837211
13.217373861451728
13.350882688335078
13.485740089227352
13.621959686088235
13.759555238472965
13.898540644922187
14.038929944365846
14.180737317541258
14.323977088425513
12.448461705480316
12.57420374290941
12.701215901928697
12.829511012049188
12.959102032372918
13.090002052901937
13.222224295860542
13.35578211703085
13.490689007101869
13.62695859303219
13.764604639426455
13.903641049925712
14.04408186861183
14.185941281426091
12.309031597400091
12.433365249899083
12.558954797877862
12.685812927149355
12.813952451666015
12.943386314814157
13.074127590721371
13.206189485577143
13.339585338966812
13.474328625219002
13.610432954766669
13.747912075521887
13.886779874264532
14.027050378044981
12.148535735398971
12.271248217574719
12.395200219772443
12.520404262396408
12.646872992319604
12.774619184161217
12.903655741576987
13.033995698562613
13.165652220770315
13.298638606838702
13.432968289736063
13.568654838117236
13.705711957694179
13.844153492620382
11.963791406687255
12.084637784532582
12.206704832861194
12.330004881677974
12.454550385533308
12.58035392478112
12.707428206849617
12.835786067524866
12.965440472247339
13.096404517421554
13.228691431738945
13.362314577514086
13.49728745203443
13.633623688923667
11.751135039316836
11.869833373047308
11.989730679845767
12.11083907055128
12.233170778334626
12.356738159933967
12.481553696902997
12.607629996871715
12.734979794819914
12.86361595436355
12.99355146905409
13.124799463691
13.257373195647475
13.39128605620957
11.506349551726839
11.622575304774584
11.739975055327863
11.858560661947337
11.978344102977108
12.099337477754654
12.221553007832984
12.345003038215136
12.469700038601149
12.595656604647624
12.722885459240025
12.851399453777804
12.98121156947253
13.112334918659121
11.224580725918305
11.337960329210409
11.452485181020615
11.568166849515773
11.685017019712902
11.803047494659497
11.922270196625755
12.042697168308843
12.164340574049337
12.287212701059937
12.411325960666604
12.536692889562227
12.663326151072956
12.79123853643733
10.900240945896293
11.010344389794236
11.121559989691148
11.233898979486009
11.347372706551525
11.461992632880328
11.577770336242756
11.694717511356318
11.812845971066988
11.932167647542412
12.052694593477185
12.174438983310287
12.297413114454836
12.421629408540237
10.526898392464886
10.633230699459482
10.740637070161092
10.849128353698074
10.958715508785934
11.069409604834277
11.181221823064927
11.294163457641341
11.408245916809436
11.523480724049936
11.63987951924236
11.757454059840768
11.876216222061382
11.996178002082205
10.097149497052733
10.199140906113872
10.302162531428154
10.406224779220357
10.511338160828643
10.617513293766306
10.724760902794248
10.833091821004292
10.942516990913425
11.053047465569117
11.164694409665774
11.2774691006725
11.391382929972222
11.506447404012345
9.602472125264995
9.699466793196965
9.79744120524946
9.896405257827738
9.996368947300745
10.097342371010853
10.199335728293791
10.30235932150888
10.406423557079677
10.511538946545128
10.617716107621343
10.724965765274083
10.833298752802104
10.942726012931418
9.033056578718604
9.124299574463237
9.216464216629532
9.309559814777305
9.403595772502328
9.49858158838619
9.594526856955747
9.69144126965227
9.789334615810374
9.888216783646842
9.988097761259436
10.088987637635794
10.19089660367252
10.293834953204566
8.377611063842997
8.462233397821208
8.547710502849705
8.6340510129795
8.721263649474242
8.809357221691153
8.898340627970862
8.988222856536224
9.079012986400226
9.170720188283056
9.26335372553844
9.356922955089333
9.451437328373064
9.546906392296025
7.623137769995985
7.700139161612106
7.777918345062734
7.856483176831044
7.9358415927586305
8.016001608847102
8.09697132206778
8.178758911179576
8.261372637555128
8.344820846015281
8.429111965672002
8.5142545107798
8.600257081595757
8.68712836524824
6.754675116412364
6.822904157992287
6.891822381810391
6.9614367493034255
7.031754292225682
7.102782113359275
7.174527387231591
7.246997360839991
7.3201993543838295
7.394140762003868
7.46882905252916
7.544271770231475
7.620476535587349
7.697451046047827
5.755001056613967
5.813132380418148
5.87185088931126
5.931162514455819
5.99107324692507
6.0515891383081515
6.112716301321365
6.174460910425621
6.236829202450123
6.299827477222346
6.36346209820439
6.427739493135747
6.492666154682573
6.558248641093509
4.60429155666011
4.65079955218193
4.6977773254362925
4.745229621652821
4.793161233992748
4.841577004033079
4.890481822255635
4.939880628541046
4.989778412667723
5.040180214815882
5.091091126076648
5.142516288966312
5.19446089794577
5.246930199945222
3.279727474692143
3.312856035042569
3.346319227315726
3.3801204316320463
3.414263062254592
3.4487505679339314
3.4835864322564962
3.518774173996461
3.5543173474711725
3.5902195429001744
3.626484386767853
3.6631155421897503
3.700116709282576
3.737491625537956
1.7550420459979357
1.7727697434322582
1.7906765085174325
1.8087641500176086
1.8270344949672814
1.84548938885584
1.8641306958139798
1.8829602988019998
1.9019800997999998
1.92119202
1.9405979999999998
1.9602
1.98
2.0
0.0
0.0
0.0
0.0
0.0
0.0
0.0
0.0
0.0
0.0
0.0
0.0
0
